Applications/Terrain/terrain.asc
ncols          600
nrows          600
xllcorner      344000.000
yllcorner      7590000.000
cellsize       10
NODATA_value   -9999
[rows 522 to 550 of 600, columns 268 to 334 of 600]
320.677 321.119 321.557 321.979 322.421 322.933 323.600 324.573 325.964 327.582 328.835 329.275 329.370 330.030 331.735 333.918 335.739 336.995 337.822 338.360 338.711 338.952 339.161 339.376 339.553 339.589 339.448 339.190 338.888 338.566 338.210 337.791 337.315 336.846 336.508 336.432 336.630 336.985 337.360 337.666 337.858 337.923 337.860 337.674 337.370 336.954 336.434 335.842 335.255 334.699 334.132 333.537 332.935 332.358 331.837 331.395 331.036 330.746 330.490 330.219 329.897 329.504 329.037 328.507 327.943 327.393 326.890
321.380 321.854 322.310 322.758 323.243 323.827 324.576 325.676 327.217 328.888 329.972 330.071 329.903 330.730 332.865 335.251 337.021 338.185 338.961 339.487 339.806 339.959 340.051 340.173 340.291 340.308 340.181 339.956 339.689 339.408 339.101 338.726 338.274 337.835 337.537 337.459 337.599 337.886 338.219 338.497 338.648 338.639 338.470 338.163 337.746 337.245 336.689 336.109 335.543 334.996 334.433 333.832 333.204 332.574 331.981 331.466 331.061 330.770 330.557 330.361 330.115 329.766 329.300 328.739 328.130 327.537 327.000
322.099 322.654 323.165 323.658 324.202 324.893 325.767 326.914 328.316 329.652 330.402 330.463 330.575 331.796 334.095 336.419 338.144 339.312 340.109 340.668 340.994 341.091 341.052 340.977 340.889 340.805 340.722 340.607 340.446 340.258 340.047 339.749 339.312 338.872 338.593 338.513 338.609 338.833 339.108 339.330 339.407 339.300 339.020 338.605 338.096 337.534 336.957 336.392 335.852 335.324 334.769 334.158 333.494 332.802 332.121 331.510 331.048 330.760 330.592 330.465 330.297 329.997 329.535 328.951 328.301 327.655 327.056
322.801 323.471 324.083 324.659 325.278 326.059 327.008 328.082 329.184 330.100 330.664 331.040 331.778 333.353 335.493 337.577 339.254 340.477 341.344 341.941 342.270 342.333 342.179 341.873 341.506 341.278 341.244 341.263 341.238 341.154 341.008 340.747 340.324 339.899 339.643 339.559 339.609 339.761 339.963 340.109 340.095 339.885 339.502 338.996 338.414 337.801 337.197 336.632 336.114 335.621 335.102 334.503 333.817 333.072 332.311 331.604 331.074 330.769 330.619 330.531 330.419 330.172 329.731 329.139 328.463 327.761 327.076
323.458 324.249 324.985 325.680 326.408 327.243 328.158 329.068 329.876 330.512 331.067 331.830 333.120 334.967 337.008 338.898 340.475 341.709 342.628 343.237 343.548 343.591 343.364 342.899 342.353 342.011 341.964 342.052 342.123 342.108 341.978 341.714 341.333 340.958 340.710 340.593 340.575 340.635 340.728 340.764 340.653 340.362 339.908 339.340 338.702 338.034 337.384 336.796 336.288 335.838 335.386 334.839 334.168 333.400 332.590 331.822 331.221 330.848 330.655 330.561 330.471 330.271 329.871 329.292 328.599 327.843 327.066
324.029 324.925 325.785 326.619 327.470 328.342 329.169 329.881 330.468 330.986 331.609 332.605 334.194 336.316 338.491 340.300 341.727 342.887 343.810 344.414 344.691 344.747 344.526 343.987 343.373 342.986 342.907 343.015 343.129 343.132 342.991 342.724 342.382 342.044 341.775 341.594 341.490 341.437 341.395 341.300 341.095 340.746 340.255 339.653 338.967 338.234 337.516 336.876 336.361 335.961 335.595 335.146 334.533 333.774 332.943 332.140 331.468 330.989 330.708 330.577 330.493 330.327 329.969 329.408 328.693 327.882 327.029
324.475 325.447 326.449 327.429 328.375 329.259 329.998 330.555 331.033 331.566 332.302 333.424 335.171 337.524 339.847 341.585 342.833 343.848 344.714 345.312 345.594 345.668 345.475 344.950 344.349 343.988 343.957 344.116 344.244 344.216 344.037 343.752 343.413 343.073 342.773 342.528 342.332 342.162 341.987 341.771 341.479 341.084 340.574 339.948 339.212 338.408 337.611 336.899 336.365 336.018 335.747 335.408 334.879 334.149 333.315 332.487 331.749 331.165 330.786 330.614 330.536 330.394 330.063 329.502 328.748 327.878 326.982
324.846 325.878 327.024 328.127 329.103 329.923 330.577 331.092 331.603 332.270 333.217 334.566 336.481 338.833 341.020 342.616 343.705 344.532 345.280 345.888 346.245 346.352 346.192 345.771 345.279 345.008 345.057 345.261 345.373 345.295 345.067 344.748 344.377 344.006 343.672 343.375 343.096 342.820 342.529 342.204 341.828 341.382 340.849 340.199 339.416 338.556 337.709 336.952 336.403 336.085 335.865 335.592 335.133 334.454 333.650 332.825 332.055 331.400 330.938 330.723 330.636 330.498 330.170 329.586 328.781 327.859 326.942
325.290 326.368 327.583 328.740 329.694 330.397 330.961 331.512 332.173 333.087 334.370 336.080 338.154 340.272 342.098 343.479 344.419 345.078 345.713 346.318 346.738 346.914 346.852 346.607 346.314 346.167 346.236 346.385 346.430 346.299 346.026 345.661 345.239 344.829 344.473 344.135 343.787 343.423 343.037 342.616 342.148 341.624 341.033 340.347 339.539 338.673 337.839 337.107 336.564 336.222 335.974 335.690 335.263 334.651 333.912 333.132 332.381 331.720 331.224 330.943 330.791 330.614 330.265 329.641 328.792 327.841 326.906
325.840 326.944 328.136 329.256 330.136 330.736 331.246 331.875 332.756 334.004 335.688 337.715 339.812 341.649 343.132 344.291 345.113 345.690 346.238 346.777 347.195 347.439 347.518 347.486 347.425 347.410 347.453 347.486 347.420 347.212 346.881 346.468 346.011 345.576 345.193 344.809 344.402 343.980 343.524 343.013 342.440 341.806 341.118 340.373 339.571 338.755 337.987 337.321 336.793 336.400 336.079 335.744 335.318 334.763 334.101 333.393 332.702 332.082 331.582 331.221 330.954 330.683 330.271 329.597 328.727 327.789 326.869
326.434 327.532 328.646 329.643 330.384 330.901 331.429 332.205 333.378 335.038 337.123 339.314 341.267 342.831 344.054 345.031 345.780 346.349 346.841 347.295 347.679 347.969 348.172 348.319 348.442 348.543 348.587 348.524 348.333 348.025 347.628 347.176 346.704 346.250 345.823 345.387 344.945 344.498 343.993 343.395 342.706 341.949 341.150 340.343 339.559 338.814 338.125 337.514 336.994 336.555 336.166 335.778 335.343 334.823 334.228 333.599 332.978 332.405 331.901 331.466 331.068 330.650 330.119 329.395 328.535 327.649 326.816
327.040 328.089 329.093 329.921 330.492 330.938 331.530 332.522 334.076 336.248 338.684 340.852 342.543 343.827 344.840 345.680 346.381 346.953 347.427 347.834 348.189 348.498 348.770 349.020 349.259 349.459 349.536 349.411 349.112 348.712 348.259 347.781 347.296 346.820 346.355 345.890 345.436 344.983 344.431 343.738 342.939 342.077 341.191 340.337 339.566 338.873 338.235 337.652 337.125 336.649 336.210 335.783 335.337 334.844 334.304 333.741 333.180 332.643 332.134 331.637 331.118 330.537 329.864 329.084 328.245 327.439 326.726
327.615 328.587 329.466 330.127 330.552 330.948 331.620 332.861 334.923 337.697 340.330 342.267 343.628 344.649 345.506 346.266 346.933 347.498 347.965 348.354 348.691 348.994 349.276 349.548 349.820 350.067 350.177 350.032 349.680 349.239 348.764 348.275 347.782 347.289 346.800 346.321 345.858 345.389 344.781 344.002 343.128 342.208 341.283 340.405 339.632 338.948 338.313 337.718 337.167 336.659 336.189 335.742 335.296 334.830 334.335 333.821 333.299 332.781 332.263 331.724 331.124 330.421 329.615 328.750 327.919 327.196 326.593
328.111 329.007 329.759 330.281 330.628 331.036 331.816 333.323 336.006 339.281 341.832 343.415 344.470 345.306 346.077 346.795 347.437 347.988 348.445 348.822 349.142 349.424 349.677 349.910 350.136 350.354 350.453 350.321 350.003 349.593 349.140 348.661 348.168 347.664 347.155 346.649 346.144 345.610 344.952 344.149 343.265 342.348 341.432 340.560 339.767 339.038 338.349 337.703 337.108 336.571 336.089 335.649 335.224 334.785 334.323 333.840 333.340 332.826 332.293 331.726 331.089 330.323 329.407 328.445 327.603 326.945 326.430
328.513 329.342 329.989 330.426 330.777 331.293 332.256 334.015 337.095 340.480 342.811 344.162 345.053 345.820 346.566 347.262 347.886 348.418 348.857 349.215 349.512 349.765 349.980 350.159 350.318 350.462 350.509 350.386 350.133 349.796 349.393 348.943 348.459 347.949 347.417 346.864 346.281 345.649 344.958 344.191 343.355 342.481 341.606 340.758 339.931 339.115 338.331 337.601 336.945 336.375 335.896 335.501 335.118 334.703 334.264 333.804 333.318 332.801 332.244 331.641 330.971 330.170 329.203 328.198 327.346 326.712 326.256
328.828 329.607 330.187 330.603 331.036 331.738 332.968 334.984 337.991 341.042 343.196 344.528 345.435 346.223 346.972 347.657 348.264 348.778 349.195 349.526 349.791 350.010 350.198 350.353 350.473 350.545 350.523 350.383 350.167 349.890 349.541 349.127 348.659 348.144 347.587 346.984 346.331 345.630 344.920 344.191 343.411 342.590 341.748 340.902 340.028 339.128 338.243 337.417 336.685 336.080 335.619 335.278 334.943 334.561 334.152 333.720 333.252 332.733 332.147 331.488 330.755 329.924 328.980 328.012 327.169 326.534 326.104
329.061 329.806 330.367 330.825 331.395 332.309 333.778 335.970 338.698 341.296 343.288 344.671 345.675 346.516 347.275 347.959 348.559 349.061 349.461 349.764 349.991 350.177 350.354 350.516 350.625 350.644 350.558 350.385 350.171 349.921 349.608 349.224 348.772 348.256 347.678 347.040 346.348 345.621 344.900 344.186 343.446 342.664 341.833 340.950 340.019 339.053 338.084 337.164 336.352 335.708 335.265 334.961 334.675 334.350 333.990 333.599 333.160 332.650 332.043 331.328 330.523 329.674 328.778 327.872 327.062 326.435 325.996
329.200 329.923 330.515 331.076 331.814 332.919 334.537 336.768 339.274 341.525 343.318 344.694 345.766 346.659 347.447 348.151 348.762 349.269 349.664 349.950 350.150 350.311 350.477 350.652 350.767 350.749 350.610 350.400 350.170 349.921 349.622 349.255 348.815 348.301 347.712 347.055 346.347 345.614 344.888 344.174 343.454 342.698 341.873 340.951 339.957 338.916 337.861 336.861 335.998 335.339 334.902 334.609 334.360 334.097 333.800 333.459 333.057 332.570 331.970 331.238 330.392 329.495 328.599 327.732 326.954 326.335 325.882
329.240 329.955 330.618 331.325 332.241 333.508 335.239 337.446 339.766 341.745 343.324 344.614 345.697 346.642 347.485 348.232 348.874 349.402 349.812 350.106 350.303 350.454 350.598 350.764 350.870 350.821 350.645 350.408 350.162 349.904 349.604 349.241 348.807 348.295 347.702 347.041 346.329 345.591 344.861 344.143 343.422 342.676 341.868 340.952 339.898 338.740 337.578 336.525 335.675 335.039 334.595 334.296 334.069 333.854 333.611 333.320 332.959 332.506 331.934 331.220 330.347 329.335 328.341 327.474 326.740 326.155 325.723
329.199 329.924 330.687 331.558 332.646 334.050 335.855 337.976 340.083 341.856 343.278 344.468 345.525 346.512 347.420 348.222 348.905 349.466 349.904 350.222 350.438 350.595 350.730 350.865 350.916 350.828 350.637 350.396 350.144 349.878 349.569 349.201 348.763 348.248 347.657 347.001 346.292 345.555 344.821 344.090 343.344 342.577 341.772 340.882 339.777 338.497 337.230 336.143 335.335 334.752 334.332 334.045 333.838 333.656 333.455 333.204 332.880 332.457 331.908 331.193 330.251 329.085 327.959 327.085 326.423 325.915 325.542
329.099 329.855 330.731 331.768 333.021 334.540 336.360 338.354 340.253 341.866 343.189 344.314 345.346 346.352 347.302 348.149 348.872 349.465 349.930 350.275 350.517 350.688 350.815 350.897 350.885 350.769 350.583 350.357 350.113 349.843 349.525 349.145 348.693 348.169 347.579 346.931 346.232 345.504 344.771 344.021 343.227 342.390 341.521 340.601 339.471 338.149 336.833 335.725 334.960 334.460 334.106 333.856 333.675 333.519 333.347 333.127 332.826 332.414 331.853 331.087 330.036 328.751 327.568 326.702 326.094 325.662 325.367
328.956 329.756 330.754 331.959 333.365 334.978 336.774 338.627 340.347 341.829 343.084 344.185 345.211 346.216 347.175 348.040 348.786 349.402 349.889 350.258 350.522 350.694 350.791 350.818 350.771 350.657 350.491 350.293 350.066 349.797 349.469 349.071 348.599 348.060 347.463 346.821 346.141 345.431 344.702 343.929 343.078 342.138 341.131 340.122 339.006 337.741 336.469 335.400 334.686 334.242 333.939 333.725 333.569 333.436 333.288 333.088 332.796 332.368 331.757 330.904 329.740 328.397 327.234 326.391 325.814 325.441 325.221
328.782 329.629 330.754 332.139 333.706 335.388 337.128 338.826 340.383 341.758 342.971 344.069 345.102 346.103 347.051 347.910 348.656 349.282 349.785 350.172 350.445 350.603 350.664 350.655 350.601 350.507 350.373 350.206 349.998 349.731 349.393 348.976 348.481 347.918 347.302 346.656 345.998 345.316 344.581 343.780 342.889 341.880 340.764 339.656 338.533 337.351 336.202 335.247 334.576 334.135 333.841 333.644 333.506 333.392 333.265 333.080 332.783 332.316 331.626 330.669 329.425 328.077 326.944 326.128 325.590 325.280 325.129
328.604 329.477 330.720 332.313 334.081 335.814 337.447 338.976 340.379 341.657 342.838 343.948 344.998 345.996 346.923 347.755 348.481 349.098 349.602 349.993 350.267 350.412 350.448 350.427 350.392 350.335 350.236 350.096 349.901 349.634 349.285 348.850 348.334 347.746 347.101 346.425 345.754 345.078 344.338 343.518 342.620 341.614 340.478 339.280 338.102 336.990 335.992 335.174 334.551 334.101 333.798 333.603 333.472 333.370 333.261 333.089 332.779 332.258 331.470 330.393 329.081 327.742 326.635 325.870 325.417 325.194 325.111
328.472 329.336 330.665 332.461 334.436 336.197 337.693 339.049 340.307 341.502 342.671 343.807 344.884 345.876 346.769 347.560 348.250 348.837 349.318 349.693 349.960 350.111 350.163 350.167 350.163 350.139 350.071 349.948 349.758 349.488 349.129 348.681 348.149 347.542 346.873 346.155 345.427 344.708 343.941 343.099 342.194 341.213 340.071 338.810 337.617 336.599 335.762 335.070 334.503 334.073 333.776 333.586 333.458 333.356 333.261 333.098 332.767 332.185 331.289 330.053 328.601 327.220 326.189 325.588 325.301 325.190 325.169
328.463 329.313 330.683 332.587 334.640 336.398 337.808 339.021 340.140 341.284 342.468 343.634 344.732 345.710 346.560 347.304 347.945 348.482 348.920 349.268 349.530 349.707 349.812 349.871 349.903 349.902 349.854 349.741 349.552 349.278 348.913 348.456 347.914 347.297 346.616 345.881 345.102 344.295 343.436 342.508 341.534 340.505 339.330 338.078 336.965 336.103 335.439 334.869 334.380 334.002 333.739 333.570 333.457 333.365 333.268 333.087 332.714 332.060 331.041 329.590 327.926 326.471 325.602 325.302 325.250 325.256 325.280
328.639 329.545 330.935 332.796 334.750 336.446 337.810 338.940 339.969 341.070 342.250 343.413 344.499 345.451 346.271 346.970 347.544 348.011 348.398 348.724 348.998 349.218 349.386 349.506 349.580 349.603 349.566 349.457 349.267 348.991 348.624 348.166 347.622 346.997 346.305 345.560 344.744 343.845 342.853 341.765 340.644 339.509 338.308 337.117 336.138 335.471 334.985 334.554 334.175 333.875 333.662 333.525 333.438 333.363 333.251 333.020 332.574 331.814 330.630 328.951 327.129 325.714 325.072 325.050 325.216 325.341 325.401
328.959 330.026 331.432 333.144 334.903 336.469 337.767 338.859 339.858 340.910 342.029 343.137 344.177 345.106 345.910 346.549 347.023 347.399 347.737 348.062 348.371 348.650 348.883 349.060 349.175 349.222 349.194 349.085 348.892 348.614 348.250 347.801 347.263 346.633 345.916 345.135 344.274 343.297 342.179 340.913 339.617 338.388 337.215 336.126 335.296 334.795 334.461 334.171 333.912 333.695 333.531 333.420 333.349 333.279 333.142 332.849 332.295 331.377 329.970 328.126 326.331 325.142 324.734 324.869 325.175 325.397 325.483
329.254 330.508 331.937 333.513 335.086 336.495 337.704 338.766 339.758 340.760 341.784 342.798 343.775 344.686 345.466 346.010 346.348 346.623 346.932 347.287 347.656 348.003 348.299 348.527 348.676 348.743 348.723 348.615 348.419 348.139 347.781 347.345 346.823 346.197 345.449 344.602 343.657 342.583 341.335 339.885 338.435 337.203 336.176 335.277 334.606 334.209 333.969 333.787 333.625 333.477 333.346 333.240 333.156 333.063 332.890 332.530 331.852 330.726 329.090 327.195 325.607 324.722 324.516 324.749 325.134 325.400 325.484
