Applications/Terrain/terrain.asc
ncols          600
nrows          600
xllcorner      344000.000
yllcorner      7590000.000
cellsize       10
NODATA_value   -9999
[rows 232 to 260 of 600, columns 0 to 66 of 600]
309.633 309.733 309.905 310.141 310.432 310.756 311.062 311.315 311.501 311.620 311.678 311.682 311.625 311.491 311.262 310.914 310.426 309.796 309.085 308.400 307.839 307.454 307.226 307.104 307.031 306.959 306.872 306.794 306.753 306.767 306.834 306.938 307.057 307.165 307.251 307.318 307.381 307.448 307.524 307.598 307.659 307.710 307.756 307.799 307.839 307.875 307.905 307.931 307.950 307.962 307.967 307.963 307.955 307.940 307.920 307.899 307.881 307.868 307.863 307.868 307.886 307.918 307.964 308.020 308.079 308.137 308.185
309.408 309.554 309.765 310.032 310.343 310.665 310.946 311.159 311.301 311.381 311.412 311.410 311.375 311.293 311.143 310.898 310.525 309.999 309.348 308.670 308.064 307.609 307.318 307.150 307.055 306.972 306.854 306.721 306.641 306.653 306.740 306.854 306.967 307.069 307.160 307.245 307.326 307.402 307.473 307.541 307.598 307.651 307.700 307.748 307.793 307.835 307.870 307.900 307.923 307.939 307.946 307.945 307.936 307.918 307.892 307.861 307.834 307.816 307.808 307.812 307.828 307.862 307.915 307.982 308.056 308.130 308.196
309.163 309.360 309.622 309.941 310.283 310.590 310.823 310.979 311.070 311.112 311.123 311.117 311.097 311.053 310.967 310.811 310.547 310.118 309.529 308.875 308.260 307.767 307.432 307.230 307.110 307.010 306.859 306.671 306.544 306.548 306.655 306.784 306.898 306.997 307.090 307.182 307.279 307.361 307.421 307.475 307.527 307.579 307.629 307.678 307.728 307.775 307.817 307.851 307.878 307.896 307.907 307.908 307.899 307.879 307.845 307.806 307.772 307.749 307.739 307.741 307.757 307.792 307.851 307.929 308.016 308.105 308.188
308.889 309.128 309.429 309.785 310.151 310.450 310.639 310.741 310.790 310.809 310.812 310.811 310.803 310.782 310.738 310.649 310.468 310.120 309.599 308.995 308.405 307.905 307.544 307.316 307.173 307.053 306.882 306.665 306.503 306.488 306.595 306.726 306.842 306.939 307.027 307.118 307.214 307.295 307.352 307.398 307.445 307.493 307.540 307.589 307.642 307.693 307.741 307.780 307.810 307.829 307.841 307.844 307.836 307.813 307.777 307.732 307.693 307.666 307.655 307.656 307.675 307.715 307.779 307.866 307.965 308.066 308.164
308.584 308.845 309.155 309.507 309.863 310.154 310.328 310.407 310.443 310.465 310.483 310.496 310.499 310.490 310.468 310.417 310.281 309.996 309.556 309.029 308.491 308.008 307.640 307.396 307.233 307.098 306.928 306.721 306.560 306.530 306.612 306.717 306.811 306.892 306.969 307.050 307.133 307.208 307.265 307.310 307.351 307.391 307.434 307.482 307.535 307.589 307.639 307.682 307.714 307.734 307.745 307.748 307.740 307.716 307.678 307.634 307.594 307.566 307.554 307.559 307.584 307.631 307.702 307.794 307.901 308.014 308.127
308.249 308.507 308.795 309.106 309.417 309.682 309.864 309.966 310.030 310.083 310.132 310.170 310.193 310.199 310.191 310.153 310.035 309.797 309.439 308.997 308.525 308.079 307.719 307.465 307.288 307.145 306.989 306.823 306.699 306.663 306.699 306.751 306.803 306.855 306.911 306.975 307.043 307.109 307.167 307.211 307.242 307.273 307.311 307.358 307.411 307.465 307.517 307.560 307.593 307.613 307.622 307.622 307.610 307.585 307.549 307.510 307.474 307.448 307.438 307.448 307.480 307.533 307.609 307.706 307.819 307.945 308.075
307.892 308.122 308.367 308.621 308.873 309.105 309.298 309.448 309.567 309.670 309.759 309.834 309.890 309.924 309.930 309.892 309.784 309.585 309.293 308.928 308.526 308.130 307.790 307.535 307.349 307.198 307.059 306.937 306.851 306.809 306.797 306.796 306.803 306.822 306.853 306.895 306.944 306.997 307.050 307.087 307.108 307.133 307.171 307.221 307.276 307.330 307.380 307.422 307.452 307.469 307.476 307.470 307.454 307.429 307.398 307.366 307.335 307.313 307.307 307.321 307.357 307.416 307.497 307.598 307.718 307.856 308.005
307.522 307.716 307.909 308.104 308.301 308.505 308.709 308.901 309.077 309.235 309.376 309.496 309.590 309.652 309.673 309.642 309.548 309.383 309.146 308.849 308.516 308.177 307.869 307.620 307.429 307.274 307.145 307.042 306.964 306.905 306.859 306.823 306.801 306.792 306.798 306.818 306.845 306.876 306.905 306.926 306.944 306.975 307.023 307.079 307.137 307.190 307.236 307.272 307.297 307.310 307.311 307.302 307.283 307.259 307.233 307.205 307.179 307.161 307.159 307.176 307.215 307.278 307.363 307.471 307.601 307.752 307.918
307.154 307.316 307.467 307.613 307.766 307.945 308.151 308.369 308.590 308.802 308.996 309.164 309.297 309.386 309.425 309.408 309.334 309.201 309.013 308.778 308.509 308.228 307.959 307.725 307.531 307.370 307.237 307.127 307.036 306.957 306.888 306.831 306.790 306.763 306.752 306.752 306.756 306.756 306.751 306.746 306.765 306.815 306.877 306.941 306.999 307.048 307.086 307.114 307.132 307.139 307.136 307.123 307.104 307.081 307.057 307.033 307.011 306.996 306.995 307.013 307.054 307.118 307.208 307.323 307.464 307.628 307.806
306.798 306.938 307.064 307.182 307.310 307.468 307.662 307.889 308.138 308.393 308.634 308.844 309.011 309.125 309.185 309.189 309.140 309.042 308.899 308.717 308.506 308.279 308.051 307.836 307.642 307.471 307.321 307.190 307.075 306.974 306.887 306.818 306.766 306.731 306.710 306.695 306.679 306.655 306.625 306.600 306.615 306.676 306.746 306.812 306.867 306.908 306.935 306.953 306.962 306.963 306.955 306.941 306.921 306.899 306.876 306.854 306.835 306.822 306.820 306.836 306.875 306.939 307.029 307.148 307.295 307.467 307.655
306.463 306.590 306.699 306.803 306.920 307.068 307.255 307.482 307.745 308.025 308.297 308.538 308.730 308.869 308.951 308.980 308.961 308.898 308.798 308.664 308.504 308.324 308.133 307.939 307.747 307.563 307.388 307.228 307.085 306.962 306.861 306.783 306.727 306.689 306.663 306.641 306.615 306.580 306.542 306.514 306.524 306.576 306.639 306.697 306.741 306.770 306.786 306.792 306.791 306.786 306.775 306.760 306.740 306.717 306.695 306.674 306.655 306.642 306.638 306.650 306.684 306.742 306.827 306.943 307.088 307.260 307.448
306.157 306.279 306.373 306.464 306.574 306.721 306.909 307.141 307.411 307.703 307.991 308.248 308.457 308.614 308.718 308.774 308.786 308.761 308.702 308.613 308.497 308.357 308.197 308.021 307.834 307.635 307.431 307.237 307.065 306.922 306.811 306.731 306.675 306.638 306.610 306.586 306.558 306.526 306.493 306.473 306.479 306.512 306.555 306.592 306.621 306.638 306.641 306.633 306.624 306.614 306.601 306.583 306.561 306.538 306.516 306.494 306.475 306.461 306.454 306.460 306.485 306.533 306.607 306.711 306.845 307.004 307.181
305.879 306.001 306.076 306.151 306.258 306.408 306.603 306.840 307.112 307.408 307.703 307.970 308.190 308.360 308.484 308.567 308.612 308.622 308.603 308.556 308.480 308.373 308.238 308.077 307.892 307.677 307.442 307.214 307.014 306.858 306.745 306.668 306.615 306.579 306.552 306.527 306.503 306.480 306.456 306.441 306.446 306.464 306.481 306.493 306.504 306.509 306.502 306.483 306.466 306.452 306.435 306.413 306.389 306.364 306.341 306.319 306.299 306.283 306.273 306.273 306.286 306.318 306.374 306.458 306.571 306.708 306.864
305.608 305.732 305.789 305.857 305.968 306.123 306.320 306.556 306.826 307.118 307.413 307.687 307.919 308.105 308.249 308.357 308.434 308.481 308.500 308.491 308.449 308.372 308.256 308.101 307.910 307.677 307.415 307.158 306.939 306.780 306.674 306.602 306.553 306.518 306.490 306.465 306.444 306.426 306.408 306.395 306.395 306.400 306.398 306.392 306.388 306.381 306.367 306.344 306.322 306.302 306.279 306.252 306.223 306.196 306.172 306.150 306.131 306.113 306.100 306.092 306.093 306.108 306.140 306.196 306.277 306.383 306.513
305.340 305.462 305.519 305.590 305.710 305.865 306.055 306.283 306.544 306.826 307.112 307.387 307.633 307.838 308.004 308.138 308.246 308.329 308.387 308.413 308.403 308.348 308.244 308.089 307.884 307.632 307.354 307.082 306.856 306.703 306.607 306.542 306.495 306.457 306.426 306.400 306.377 306.358 306.342 306.328 306.319 306.311 306.301 306.289 306.276 306.259 306.238 306.212 306.186 306.159 306.130 306.098 306.066 306.037 306.011 305.989 305.970 305.952 305.936 305.923 305.914 305.910 305.916 305.938 305.980 306.050 306.150
305.115 305.224 305.302 305.383 305.494 305.631 305.804 306.017 306.263 306.532 306.809 307.081 307.335 307.557 307.747 307.908 308.047 308.166 308.257 308.314 308.328 308.293 308.200 308.041 307.819 307.549 307.261 306.993 306.781 306.641 306.553 306.491 306.441 306.398 306.360 306.330 306.305 306.284 306.267 306.250 306.234 306.220 306.207 306.191 306.173 306.148 306.119 306.088 306.056 306.023 305.989 305.954 305.920 305.888 305.860 305.837 305.817 305.801 305.785 305.770 305.754 305.736 305.717 305.703 305.703 305.729 305.796
304.945 305.041 305.137 305.223 305.307 305.414 305.563 305.756 305.987 306.243 306.512 306.781 307.039 307.278 307.490 307.678 307.845 307.993 308.109 308.186 308.219 308.199 308.116 307.957 307.719 307.429 307.134 306.880 306.695 306.578 306.503 306.444 306.389 306.337 306.293 306.257 306.230 306.211 306.195 306.179 306.161 306.144 306.126 306.105 306.081 306.049 306.012 305.973 305.935 305.897 305.858 305.820 305.784 305.750 305.719 305.694 305.674 305.660 305.647 305.635 305.618 305.592 305.555 305.511 305.470 305.451 305.480
304.825 304.900 304.981 305.057 305.129 305.217 305.341 305.512 305.726 305.971 306.232 306.497 306.758 307.008 307.241 307.453 307.643 307.809 307.940 308.027 308.066 308.055 307.982 307.824 307.573 307.267 306.969 306.726 306.571 306.489 306.436 306.385 306.329 306.272 306.222 306.183 306.159 306.146 306.137 306.126 306.110 306.091 306.067 306.038 306.004 305.965 305.920 305.874 305.829 305.785 305.741 305.698 305.658 305.622 305.590 305.563 305.542 305.529 305.523 305.517 305.507 305.484 305.441 305.378 305.306 305.250 305.245
304.744 304.795 304.853 304.913 304.976 305.052 305.156 305.303 305.497 305.727 305.975 306.232 306.493 306.751 306.999 307.227 307.432 307.609 307.747 307.836 307.873 307.860 307.786 307.623 307.369 307.067 306.776 306.547 306.417 306.365 306.335 306.301 306.255 306.201 306.149 306.113 306.098 306.098 306.100 306.095 306.080 306.055 306.023 305.985 305.942 305.895 305.844 305.792 305.740 305.689 305.640 305.592 305.548 305.509 305.475 305.446 305.423 305.412 305.412 305.418 305.420 305.408 305.373 305.309 305.223 305.143 305.110
304.695 304.722 304.758 304.803 304.857 304.925 305.019 305.147 305.319 305.525 305.747 305.987 306.244 306.506 306.758 306.993 307.205 307.387 307.529 307.618 307.651 307.626 307.536 307.367 307.127 306.851 306.583 306.378 306.269 306.230 306.215 306.199 306.170 306.128 306.082 306.055 306.060 306.077 306.087 306.084 306.065 306.032 305.991 305.943 305.891 305.837 305.781 305.724 305.667 305.612 305.559 305.506 305.457 305.415 305.377 305.344 305.320 305.312 305.319 305.336 305.353 305.359 305.341 305.289 305.197 305.094 305.033
304.672 304.678 304.697 304.728 304.773 304.835 304.922 305.040 305.193 305.365 305.547 305.764 306.015 306.269 306.512 306.743 306.957 307.144 307.289 307.379 307.408 307.371 307.268 307.101 306.883 306.642 306.412 306.238 306.141 306.102 306.094 306.094 306.088 306.069 306.042 306.036 306.061 306.089 306.100 306.089 306.059 306.016 305.964 305.907 305.848 305.788 305.728 305.668 305.609 305.552 305.496 305.441 305.390 305.343 305.300 305.265 305.243 305.239 305.251 305.275 305.303 305.322 305.321 305.282 305.184 305.059 304.971
304.671 304.662 304.667 304.687 304.722 304.776 304.854 304.959 305.090 305.234 305.387 305.580 305.808 306.027 306.243 306.467 306.688 306.881 307.029 307.121 307.148 307.108 307.006 306.853 306.662 306.456 306.260 306.110 306.021 305.982 305.977 305.992 306.013 306.032 306.049 306.074 306.109 306.130 306.126 306.098 306.054 306.000 305.939 305.875 305.810 305.746 305.684 305.624 305.565 305.507 305.451 305.396 305.343 305.295 305.251 305.217 305.199 305.197 305.209 305.233 305.262 305.286 305.289 305.250 305.149 305.014 304.906
304.686 304.668 304.664 304.674 304.700 304.744 304.809 304.894 304.998 305.119 305.256 305.424 305.602 305.756 305.931 306.163 306.402 306.602 306.749 306.841 306.872 306.844 306.762 306.635 306.475 306.295 306.121 305.985 305.903 305.865 305.865 305.892 305.940 306.003 306.074 306.139 306.179 306.179 306.149 306.100 306.041 305.977 305.911 305.843 305.776 305.711 305.650 305.591 305.534 305.478 305.422 305.368 305.317 305.269 305.226 305.195 305.177 305.174 305.184 305.202 305.224 305.239 305.232 305.184 305.086 304.962 304.854
304.714 304.692 304.682 304.683 304.699 304.732 304.781 304.846 304.922 305.011 305.115 305.232 305.342 305.429 305.581 305.841 306.101 306.300 306.445 306.534 306.577 306.579 306.539 306.453 306.322 306.161 305.996 305.865 305.787 305.751 305.754 305.791 305.860 305.955 306.068 306.174 306.222 306.200 306.147 306.082 306.014 305.945 305.876 305.808 305.743 305.681 305.624 305.568 305.515 305.462 305.409 305.356 305.306 305.259 305.219 305.189 305.171 305.165 305.169 305.178 305.186 305.185 305.161 305.106 305.019 304.917 304.828
304.751 304.727 304.712 304.706 304.712 304.733 304.768 304.813 304.863 304.915 304.965 305.008 305.044 305.094 305.236 305.491 305.753 305.961 306.109 306.192 306.251 306.309 306.339 306.305 306.196 306.040 305.880 305.753 305.674 305.640 305.645 305.685 305.759 305.865 305.992 306.115 306.173 306.153 306.098 306.033 305.966 305.899 305.833 305.770 305.710 305.655 305.604 305.556 305.507 305.458 305.407 305.357 305.307 305.261 305.222 305.193 305.174 305.163 305.159 305.156 305.150 305.131 305.094 305.036 304.961 304.880 304.811
304.792 304.766 304.748 304.735 304.731 304.742 304.766 304.794 304.819 304.836 304.838 304.825 304.814 304.837 304.936 305.122 305.350 305.569 305.726 305.806 305.892 306.030 306.157 306.176 306.070 305.905 305.752 305.635 305.562 305.531 305.535 305.571 305.636 305.728 305.837 305.942 306.007 306.018 305.994 305.950 305.895 305.837 305.780 305.726 305.677 305.633 305.591 305.551 305.508 305.463 305.416 305.367 305.319 305.273 305.234 305.204 305.182 305.165 305.152 305.137 305.116 305.084 305.038 304.980 304.914 304.849 304.794
304.830 304.802 304.780 304.763 304.754 304.757 304.771 304.786 304.792 304.784 304.758 304.719 304.682 304.671 304.710 304.810 304.960 305.140 305.297 305.405 305.540 305.754 305.959 306.012 305.899 305.733 305.598 305.502 305.446 305.422 305.425 305.450 305.494 305.554 305.628 305.704 305.770 305.818 305.841 305.833 305.800 305.758 305.717 305.678 305.643 305.612 305.581 305.550 305.515 305.476 305.434 305.388 305.340 305.294 305.253 305.220 305.194 305.171 305.148 305.122 305.088 305.046 304.994 304.936 304.875 304.820 304.774
304.866 304.832 304.806 304.787 304.776 304.777 304.785 304.792 304.789 304.769 304.733 304.685 304.635 304.599 304.586 304.605 304.659 304.754 304.883 305.038 305.232 305.468 305.665 305.716 305.632 305.517 305.426 305.362 305.325 305.311 305.313 305.324 305.342 305.369 305.406 305.454 305.513 305.584 305.653 305.685 305.680 305.662 305.643 305.626 305.609 305.592 305.574 305.553 305.527 305.495 305.459 305.417 305.371 305.324 305.279 305.241 305.209 305.179 305.147 305.111 305.068 305.017 304.959 304.899 304.841 304.790 304.749
304.893 304.856 304.827 304.807 304.798 304.800 304.808 304.815 304.813 304.794 304.760 304.711 304.655 304.598 304.548 304.512 304.501 304.523 304.606 304.766 304.985 305.199 305.329 305.356 305.326 305.287 305.250 305.220 305.201 305.195 305.195 305.195 305.196 305.200 305.213 305.239 305.284 305.355 305.445 305.511 305.540 305.555 305.565 305.571 305.574 305.574 305.570 305.559 305.542 305.518 305.488 305.452 305.409 305.363 305.315 305.270 305.230 305.192 305.152 305.106 305.053 304.993 304.929 304.867 304.808 304.757 304.718
