Applications/Terrain/terrain.asc
ncols          600
nrows          600
xllcorner      344000.000
yllcorner      7590000.000
cellsize       10
NODATA_value   -9999
[rows 348 to 376 of 600, columns 335 to 401 of 600]
313.907 314.008 314.100 314.180 314.248 314.304 314.349 314.388 314.419 314.445 314.470 314.495 314.521 314.550 314.581 314.615 314.654 314.698 314.748 314.806 314.871 314.942 315.019 315.102 315.190 315.285 315.391 315.507 315.630 315.753 315.870 315.973 316.066 316.158 316.258 316.373 316.509 316.661 316.821 316.985 317.143 317.285 317.412 317.526 317.627 317.721 317.810 317.897 317.986 318.081 318.183 318.280 318.371 318.456 318.537 318.616 318.697 318.788 318.895 319.009 319.126 319.243 319.354 319.457 319.549 319.629 319.695
314.015 314.096 314.175 314.248 314.312 314.365 314.410 314.447 314.477 314.503 314.528 314.553 314.579 314.606 314.636 314.669 314.705 314.748 314.797 314.853 314.916 314.987 315.064 315.147 315.237 315.334 315.440 315.559 315.686 315.819 315.947 316.060 316.162 316.266 316.381 316.513 316.662 316.829 317.007 317.188 317.363 317.523 317.670 317.801 317.907 317.996 318.078 318.156 318.232 318.308 318.384 318.457 318.526 318.589 318.651 318.712 318.778 318.853 318.942 319.043 319.149 319.255 319.357 319.451 319.534 319.609 319.677
314.150 314.207 314.268 314.329 314.384 314.432 314.473 314.507 314.535 314.560 314.584 314.609 314.634 314.660 314.688 314.718 314.753 314.793 314.840 314.894 314.955 315.025 315.103 315.187 315.277 315.373 315.478 315.596 315.725 315.862 315.998 316.121 316.237 316.355 316.485 316.630 316.793 316.975 317.172 317.373 317.566 317.748 317.916 318.063 318.182 318.277 318.356 318.424 318.484 318.536 318.583 318.627 318.669 318.710 318.753 318.802 318.858 318.923 318.998 319.084 319.178 319.273 319.366 319.452 319.528 319.599 319.672
314.298 314.332 314.375 314.420 314.464 314.504 314.538 314.566 314.592 314.616 314.639 314.662 314.686 314.710 314.736 314.764 314.797 314.834 314.878 314.930 314.989 315.057 315.134 315.218 315.307 315.401 315.503 315.619 315.747 315.884 316.022 316.157 316.289 316.424 316.567 316.724 316.900 317.100 317.316 317.536 317.752 317.956 318.143 318.308 318.447 318.557 318.641 318.701 318.741 318.764 318.778 318.786 318.797 318.814 318.841 318.881 318.932 318.990 319.056 319.132 319.213 319.297 319.381 319.461 319.533 319.606 319.682
314.447 314.462 314.487 314.517 314.548 314.577 314.604 314.628 314.651 314.672 314.693 314.714 314.735 314.758 314.782 314.808 314.838 314.872 314.913 314.960 315.017 315.082 315.158 315.240 315.327 315.417 315.517 315.630 315.756 315.891 316.031 316.174 316.320 316.471 316.630 316.802 316.992 317.205 317.435 317.672 317.908 318.133 318.343 318.535 318.703 318.836 318.929 318.984 319.002 318.992 318.964 318.932 318.908 318.900 318.913 318.948 318.996 319.052 319.114 319.182 319.253 319.328 319.404 319.478 319.552 319.627 319.706
314.587 314.588 314.598 314.614 314.633 314.652 314.672 314.692 314.710 314.729 314.747 314.765 314.784 314.804 314.825 314.849 314.876 314.907 314.944 314.987 315.039 315.102 315.175 315.256 315.341 315.430 315.527 315.637 315.759 315.890 316.030 316.178 316.334 316.500 316.676 316.863 317.065 317.286 317.523 317.771 318.022 318.272 318.510 318.739 318.950 319.115 319.222 319.270 319.265 319.217 319.141 319.061 319.000 318.971 318.974 319.007 319.056 319.112 319.171 319.232 319.297 319.364 319.435 319.507 319.582 319.659 319.740
314.713 314.704 314.703 314.707 314.715 314.727 314.740 314.755 314.771 314.786 314.801 314.816 314.832 314.849 314.868 314.889 314.912 314.940 314.973 315.013 315.061 315.120 315.191 315.272 315.359 315.449 315.544 315.648 315.761 315.885 316.020 316.170 316.335 316.515 316.707 316.910 317.122 317.347 317.578 317.821 318.082 318.359 318.640 318.922 319.185 319.391 319.516 319.556 319.524 319.434 319.307 319.174 319.077 319.033 319.032 319.063 319.114 319.169 319.225 319.283 319.343 319.407 319.475 319.546 319.621 319.699 319.780
314.816 314.803 314.794 314.790 314.792 314.798 314.807 314.819 314.831 314.844 314.856 314.867 314.880 314.894 314.910 314.927 314.948 314.973 315.002 315.039 315.083 315.139 315.209 315.294 315.387 315.479 315.571 315.665 315.767 315.879 316.007 316.156 316.326 316.516 316.723 316.940 317.162 317.384 317.597 317.820 318.078 318.381 318.721 319.076 319.407 319.664 319.810 319.836 319.767 319.634 319.460 319.281 319.154 319.097 319.090 319.118 319.167 319.222 319.277 319.333 319.391 319.454 319.522 319.595 319.670 319.747 319.826
314.894 314.882 314.871 314.863 314.861 314.864 314.871 314.881 314.892 314.903 314.911 314.919 314.928 314.938 314.950 314.964 314.982 315.005 315.033 315.068 315.113 315.170 315.243 315.336 315.434 315.527 315.613 315.694 315.779 315.876 315.994 316.137 316.307 316.502 316.717 316.944 317.169 317.379 317.571 317.771 318.018 318.338 318.737 319.186 319.612 319.934 320.094 320.091 319.973 319.793 319.586 319.387 319.243 319.172 319.155 319.176 319.219 319.271 319.326 319.382 319.441 319.504 319.574 319.648 319.725 319.803 319.880
314.949 314.941 314.932 314.925 314.922 314.925 314.932 314.942 314.952 314.961 314.968 314.974 314.978 314.983 314.990 315.001 315.016 315.037 315.066 315.104 315.155 315.222 315.309 315.412 315.515 315.603 315.675 315.737 315.800 315.878 315.982 316.115 316.280 316.473 316.687 316.912 317.127 317.324 317.506 317.695 317.929 318.249 318.696 319.247 319.785 320.169 320.325 320.281 320.111 319.887 319.662 319.468 319.328 319.251 319.228 319.241 319.277 319.324 319.376 319.432 319.491 319.556 319.627 319.703 319.783 319.863 319.942
314.984 314.982 314.978 314.975 314.976 314.981 314.989 315.000 315.011 315.020 315.026 315.029 315.030 315.030 315.032 315.037 315.050 315.071 315.101 315.146 315.212 315.301 315.410 315.527 315.631 315.708 315.759 315.794 315.830 315.885 315.970 316.091 316.247 316.432 316.638 316.849 317.054 317.244 317.429 317.623 317.855 318.172 318.646 319.270 319.891 320.311 320.446 320.362 320.157 319.910 319.681 319.506 319.389 319.325 319.304 319.314 319.343 319.382 319.428 319.481 319.540 319.605 319.678 319.757 319.840 319.924 320.005
315.004 315.009 315.012 315.017 315.023 315.031 315.042 315.054 315.066 315.076 315.083 315.086 315.084 315.079 315.075 315.075 315.085 315.106 315.141 315.197 315.284 315.399 315.533 315.667 315.776 315.839 315.861 315.864 315.870 315.898 315.963 316.069 316.213 316.388 316.583 316.784 316.982 317.176 317.371 317.581 317.833 318.167 318.646 319.262 319.884 320.308 320.436 320.334 320.120 319.875 319.664 319.518 319.431 319.387 319.377 319.389 319.412 319.443 319.482 319.530 319.586 319.652 319.725 319.806 319.892 319.980 320.065
315.016 315.028 315.039 315.053 315.066 315.078 315.089 315.102 315.115 315.128 315.137 315.142 315.139 315.130 315.120 315.115 315.121 315.141 315.182 315.255 315.364 315.502 315.657 315.809 315.928 315.978 315.969 315.940 315.918 315.921 315.964 316.053 316.185 316.351 316.539 316.736 316.935 317.137 317.350 317.585 317.864 318.218 318.668 319.198 319.740 320.146 320.294 320.215 320.022 319.805 319.632 319.521 319.462 319.439 319.441 319.457 319.476 319.501 319.534 319.577 319.631 319.694 319.767 319.848 319.937 320.027 320.116
315.025 315.043 315.062 315.084 315.103 315.118 315.130 315.143 315.158 315.173 315.187 315.196 315.194 315.182 315.167 315.156 315.158 315.178 315.226 315.315 315.442 315.597 315.764 315.925 316.051 316.094 316.068 316.020 315.977 315.959 315.981 316.050 316.169 316.330 316.519 316.718 316.923 317.139 317.375 317.634 317.927 318.263 318.643 319.064 319.504 319.864 320.038 320.020 319.884 319.717 319.591 319.518 319.484 319.478 319.491 319.510 319.529 319.552 319.582 319.622 319.672 319.733 319.803 319.884 319.972 320.063 320.154
315.032 315.056 315.082 315.109 315.131 315.147 315.160 315.174 315.190 315.209 315.228 315.241 315.242 315.230 315.211 315.196 315.196 315.219 315.275 315.375 315.514 315.677 315.847 316.004 316.121 316.169 316.153 316.105 316.053 316.020 316.023 316.072 316.176 316.333 316.528 316.735 316.952 317.186 317.442 317.717 318.005 318.297 318.582 318.893 319.240 319.551 319.740 319.783 319.722 319.624 319.547 319.508 319.497 319.506 319.527 319.548 319.569 319.593 319.622 319.660 319.709 319.766 319.835 319.913 319.998 320.088 320.178
315.037 315.065 315.095 315.123 315.146 315.164 315.180 315.196 315.214 315.235 315.255 315.270 315.275 315.266 315.248 315.233 315.235 315.265 315.330 315.436 315.578 315.739 315.905 316.054 316.166 316.226 316.233 316.202 316.155 316.114 316.102 316.133 316.222 316.371 316.567 316.789 317.025 317.280 317.550 317.826 318.092 318.332 318.533 318.742 319.010 319.280 319.468 319.547 319.549 319.519 319.493 319.487 319.500 319.524 319.552 319.577 319.600 319.624 319.653 319.691 319.739 319.795 319.861 319.935 320.017 320.103 320.189
315.037 315.068 315.098 315.125 315.150 315.171 315.191 315.210 315.229 315.249 315.268 315.283 315.289 315.285 315.275 315.267 315.275 315.313 315.386 315.493 315.630 315.785 315.944 316.091 316.209 316.289 316.325 316.322 316.292 316.254 316.234 316.256 316.342 316.487 316.677 316.905 317.159 317.429 317.701 317.956 318.181 318.366 318.510 318.656 318.852 319.063 319.224 319.318 319.368 319.398 319.425 319.457 319.495 319.534 319.568 319.596 319.621 319.647 319.678 319.715 319.762 319.818 319.880 319.951 320.028 320.110 320.193
315.031 315.061 315.090 315.117 315.143 315.168 315.191 315.214 315.236 315.256 315.273 315.287 315.294 315.297 315.297 315.300 315.316 315.360 315.437 315.543 315.673 315.821 315.975 316.125 316.257 316.363 316.438 316.475 316.476 316.456 316.439 316.473 316.590 316.756 316.933 317.134 317.383 317.649 317.894 318.102 318.268 318.397 318.499 318.602 318.731 318.872 318.996 319.098 319.189 319.273 319.350 319.420 319.483 319.535 319.576 319.607 319.634 319.663 319.694 319.732 319.777 319.832 319.893 319.962 320.036 320.114 320.193
315.016 315.043 315.071 315.098 315.127 315.155 315.183 315.211 315.236 315.257 315.275 315.288 315.298 315.306 315.316 315.329 315.353 315.404 315.484 315.589 315.713 315.854 316.006 316.162 316.313 316.451 316.569 316.659 316.714 316.741 316.760 316.843 317.031 317.246 317.412 317.556 317.749 317.954 318.123 318.252 318.346 318.417 318.476 318.539 318.609 318.692 318.792 318.907 319.033 319.163 319.285 319.388 319.469 319.531 319.577 319.611 319.640 319.670 319.703 319.742 319.786 319.840 319.901 319.969 320.041 320.117 320.196
314.992 315.016 315.041 315.070 315.101 315.135 315.169 315.201 315.230 315.255 315.275 315.290 315.303 315.317 315.333 315.355 315.389 315.447 315.529 315.632 315.754 315.891 316.043 316.206 316.376 316.547 316.712 316.865 316.999 317.117 317.238 317.423 317.695 317.964 318.134 318.212 318.276 318.335 318.369 318.387 318.399 318.413 318.432 318.456 318.489 318.545 318.637 318.765 318.924 319.092 319.246 319.369 319.461 319.527 319.573 319.608 319.638 319.669 319.704 319.744 319.791 319.845 319.907 319.975 320.047 320.124 320.203
314.962 314.981 315.005 315.034 315.069 315.108 315.148 315.186 315.221 315.251 315.275 315.293 315.311 315.329 315.352 315.383 315.427 315.490 315.572 315.674 315.794 315.931 316.085 316.257 316.445 316.647 316.858 317.078 317.307 317.550 317.811 318.130 318.498 318.814 318.981 318.979 318.876 318.737 318.598 318.485 318.412 318.378 318.369 318.378 318.406 318.461 318.557 318.702 318.887 319.080 319.246 319.373 319.463 319.524 319.566 319.599 319.630 319.661 319.697 319.740 319.791 319.848 319.913 319.983 320.057 320.135 320.216
314.926 314.941 314.963 314.993 315.031 315.077 315.123 315.167 315.208 315.245 315.275 315.299 315.322 315.346 315.375 315.413 315.464 315.531 315.615 315.716 315.835 315.973 316.131 316.311 316.515 316.743 316.997 317.282 317.603 317.962 318.353 318.800 319.274 319.638 319.774 319.675 319.409 319.080 318.770 318.530 318.380 318.317 318.309 318.344 318.408 318.484 318.591 318.753 318.952 319.141 319.293 319.404 319.477 319.525 319.559 319.587 319.616 319.649 319.687 319.733 319.788 319.851 319.920 319.995 320.073 320.154 320.238
314.887 314.897 314.917 314.947 314.988 315.039 315.093 315.144 315.194 315.240 315.278 315.308 315.335 315.365 315.400 315.444 315.502 315.573 315.659 315.761 315.880 316.018 316.179 316.366 316.582 316.831 317.120 317.456 317.846 318.289 318.778 319.311 319.846 320.222 320.319 320.148 319.765 319.295 318.859 318.518 318.311 318.249 318.293 318.404 318.540 318.664 318.789 318.952 319.127 319.273 319.382 319.456 319.501 319.530 319.551 319.572 319.599 319.633 319.674 319.725 319.785 319.855 319.932 320.014 320.098 320.183 320.270
314.846 314.852 314.869 314.898 314.942 314.997 315.058 315.119 315.179 315.234 315.280 315.318 315.352 315.386 315.427 315.479 315.542 315.617 315.707 315.811 315.931 316.070 316.230 316.420 316.642 316.905 317.215 317.582 318.009 318.493 319.016 319.559 320.074 320.407 320.468 320.278 319.868 319.352 318.864 318.473 318.237 318.217 318.363 318.585 318.815 319.007 319.156 319.283 319.386 319.456 319.500 319.524 319.535 319.541 319.548 319.561 319.585 319.619 319.664 319.719 319.786 319.865 319.951 320.041 320.132 320.224 320.314
314.804 314.806 314.822 314.852 314.897 314.956 315.022 315.093 315.164 315.228 315.285 315.331 315.371 315.412 315.460 315.518 315.588 315.668 315.761 315.868 315.989 316.127 316.287 316.475 316.697 316.960 317.274 317.644 318.071 318.545 319.039 319.528 319.969 320.244 320.278 320.098 319.739 319.276 318.820 318.448 318.236 318.291 318.549 318.877 319.197 319.452 319.605 319.666 319.669 319.651 319.626 319.601 319.578 319.561 319.554 319.559 319.578 319.613 319.661 319.721 319.795 319.882 319.978 320.078 320.178 320.274 320.368
314.762 314.762 314.778 314.810 314.857 314.917 314.989 315.067 315.147 315.224 315.290 315.345 315.394 315.443 315.498 315.564 315.641 315.728 315.824 315.932 316.053 316.190 316.347 316.530 316.743 316.994 317.291 317.638 318.033 318.460 318.893 319.306 319.662 319.881 319.905 319.756 319.476 319.118 318.764 318.493 318.384 318.525 318.854 319.245 319.616 319.900 320.022 319.995 319.905 319.817 319.742 319.680 319.631 319.594 319.574 319.571 319.586 319.619 319.670 319.736 319.817 319.912 320.017 320.127 320.234 320.335 320.431
314.724 314.724 314.740 314.774 314.823 314.885 314.959 315.042 315.130 315.218 315.294 315.359 315.420 315.481 315.546 315.620 315.704 315.797 315.896 316.005 316.125 316.260 316.411 316.583 316.781 317.007 317.270 317.573 317.913 318.279 318.649 318.991 319.272 319.444 319.470 319.359 319.156 318.917 318.707 318.594 318.635 318.859 319.225 319.635 319.987 320.210 320.263 320.177 320.047 319.933 319.839 319.759 319.693 319.644 319.614 319.604 319.615 319.647 319.698 319.768 319.855 319.956 320.069 320.188 320.300 320.404 320.503
314.690 314.692 314.710 314.745 314.796 314.861 314.938 315.023 315.114 315.207 315.292 315.371 315.447 315.524 315.602 315.685 315.777 315.875 315.978 316.086 316.204 316.335 316.478 316.636 316.810 317.004 317.224 317.471 317.744 318.041 318.353 318.643 318.872 319.012 319.039 318.958 318.824 318.705 318.654 318.707 318.885 319.184 319.568 319.954 320.216 320.313 320.295 320.207 320.096 319.999 319.916 319.836 319.765 319.712 319.678 319.665 319.672 319.701 319.751 319.822 319.913 320.019 320.138 320.260 320.375 320.483 320.584
314.663 314.667 314.688 314.726 314.781 314.849 314.928 315.014 315.103 315.194 315.288 315.384 315.481 315.577 315.669 315.762 315.860 315.962 316.066 316.173 316.289 316.414 316.547 316.686 316.834 316.993 317.167 317.361 317.572 317.802 318.065 318.324 318.523 318.636 318.649 318.584 318.510 318.510 318.612 318.812 319.098 319.444 319.807 320.117 320.276 320.288 320.233 320.155 320.080 320.018 319.964 319.905 319.846 319.802 319.774 319.762 319.765 319.788 319.834 319.903 319.995 320.106 320.228 320.349 320.464 320.573 320.674
