Applications/Terrain/terrain.asc
ncols          600
nrows          600
xllcorner      344000.000
yllcorner      7590000.000
cellsize       10
NODATA_value   -9999
[rows 87 to 115 of 600, columns 0 to 66 of 600]
311.510 311.162 310.839 310.559 310.343 310.190 310.069 309.949 309.833 309.740 309.661 309.559 309.424 309.265 309.099 308.952 308.851 308.807 308.804 308.822 308.845 308.867 308.885 308.899 308.909 308.917 308.925 308.935 308.948 308.963 308.982 309.004 309.028 309.052 309.076 309.099 309.121 309.143 309.165 309.183 309.198 309.207 309.210 309.210 309.210 309.216 309.232 309.256 309.286 309.321 309.357 309.395 309.431 309.465 309.490 309.503 309.497 309.474 309.435 309.384 309.329 309.275 309.227 309.187 309.159 309.142 309.138
311.504 311.160 310.838 310.552 310.341 310.205 310.077 309.926 309.769 309.640 309.537 309.422 309.287 309.133 308.977 308.844 308.766 308.752 308.774 308.806 308.837 308.860 308.876 308.885 308.891 308.895 308.900 308.907 308.917 308.930 308.949 308.969 308.991 309.012 309.034 309.055 309.076 309.097 309.119 309.139 309.158 309.172 309.178 309.177 309.171 309.171 309.182 309.205 309.236 309.270 309.307 309.343 309.379 309.412 309.437 309.448 309.437 309.404 309.355 309.298 309.240 309.186 309.140 309.105 309.082 309.072 309.076
311.496 311.166 310.867 310.611 310.447 310.327 310.153 309.962 309.785 309.624 309.480 309.340 309.195 309.046 308.904 308.790 308.735 308.744 308.778 308.816 308.846 308.864 308.872 308.874 308.875 308.876 308.878 308.882 308.890 308.904 308.921 308.940 308.959 308.978 308.997 309.016 309.034 309.053 309.075 309.097 309.120 309.141 309.157 309.162 309.154 309.144 309.149 309.171 309.198 309.228 309.265 309.304 309.339 309.367 309.387 309.392 309.370 309.321 309.260 309.197 309.136 309.083 309.042 309.014 309.000 308.999 309.011
311.480 311.169 310.911 310.727 310.619 310.485 310.259 310.035 309.842 309.655 309.476 309.308 309.150 309.005 308.881 308.794 308.762 308.780 308.812 308.841 308.860 308.867 308.868 308.867 308.866 308.866 308.866 308.867 308.872 308.883 308.898 308.914 308.930 308.947 308.964 308.981 308.997 309.014 309.034 309.056 309.081 309.111 309.142 309.165 309.168 309.152 309.146 309.160 309.176 309.196 309.230 309.274 309.310 309.330 309.335 309.324 309.282 309.215 309.144 309.075 309.015 308.966 308.933 308.916 308.914 308.924 308.947
311.456 311.156 310.922 310.771 310.667 310.542 310.357 310.141 309.926 309.712 309.504 309.313 309.143 309.001 308.895 308.831 308.814 308.832 308.855 308.865 308.866 308.866 308.866 308.866 308.866 308.867 308.867 308.867 308.866 308.870 308.878 308.890 308.905 308.920 308.936 308.952 308.967 308.982 308.998 309.017 309.042 309.077 309.122 309.173 309.212 309.221 309.212 309.195 309.171 309.170 309.205 309.256 309.294 309.303 309.283 309.237 309.167 309.086 309.005 308.934 308.876 308.837 308.817 308.815 308.828 308.853 308.887
311.425 311.121 310.873 310.694 310.607 310.562 310.445 310.243 310.010 309.772 309.543 309.337 309.161 309.023 308.928 308.875 308.861 308.872 308.882 308.875 308.867 308.867 308.867 308.867 308.867 308.867 308.867 308.867 308.867 308.867 308.867 308.873 308.884 308.898 308.914 308.929 308.943 308.957 308.970 308.985 309.005 309.037 309.088 309.163 309.260 309.347 309.367 309.285 309.175 309.143 309.187 309.247 309.287 309.281 309.224 309.137 309.038 308.938 308.847 308.774 308.725 308.700 308.699 308.716 308.748 308.789 308.835
311.388 311.071 310.800 310.602 310.525 310.534 310.473 310.293 310.060 309.814 309.578 309.368 309.192 309.059 308.969 308.917 308.895 308.890 308.885 308.874 308.867 308.867 308.867 308.867 308.867 308.867 308.867 308.867 308.867 308.867 308.867 308.867 308.870 308.882 308.897 308.912 308.925 308.938 308.951 308.963 308.978 309.000 309.041 309.118 309.249 309.422 309.503 309.372 309.180 309.124 309.174 309.237 309.270 309.238 309.142 309.019 308.894 308.774 308.671 308.601 308.566 308.564 308.588 308.629 308.682 308.739 308.796
311.350 311.023 310.735 310.513 310.400 310.407 310.399 310.265 310.056 309.823 309.595 309.392 309.223 309.096 309.007 308.951 308.918 308.898 308.883 308.871 308.867 308.867 308.867 308.867 308.867 308.867 308.867 308.867 308.867 308.867 308.867 308.867 308.867 308.872 308.885 308.899 308.914 308.928 308.941 308.952 308.963 308.976 308.999 309.047 309.148 309.330 309.458 309.360 309.179 309.116 309.151 309.196 309.206 309.147 309.025 308.877 308.728 308.587 308.478 308.423 308.414 308.441 308.494 308.562 308.636 308.708 308.774
311.312 310.983 310.690 310.458 310.315 310.278 310.263 310.164 309.992 309.790 309.585 309.399 309.243 309.122 309.035 308.975 308.935 308.906 308.882 308.869 308.867 308.867 308.867 308.867 308.867 308.867 308.867 308.867 308.867 308.867 308.867 308.867 308.867 308.868 308.877 308.891 308.907 308.924 308.938 308.950 308.959 308.966 308.974 308.987 309.024 309.126 309.234 309.230 309.149 309.099 309.104 309.118 309.100 309.025 308.894 308.728 308.550 308.388 308.287 308.261 308.285 308.344 308.427 308.521 308.615 308.698 308.767
311.275 310.949 310.659 310.425 310.263 310.173 310.111 310.017 309.880 309.716 309.546 309.385 309.247 309.136 309.052 308.990 308.945 308.911 308.882 308.867 308.867 308.867 308.867 308.867 308.867 308.867 308.867 308.867 308.867 308.867 308.867 308.867 308.867 308.867 308.872 308.887 308.906 308.924 308.939 308.951 308.961 308.965 308.966 308.966 308.973 309.009 309.072 309.112 309.101 309.070 309.052 309.045 309.015 308.934 308.792 308.607 308.405 308.230 308.139 308.139 308.194 308.285 308.396 308.511 308.618 308.707 308.775
311.237 310.917 310.629 310.388 310.202 310.065 309.960 309.860 309.747 309.619 309.483 309.352 309.235 309.137 309.059 308.998 308.952 308.915 308.884 308.867 308.867 308.867 308.867 308.867 308.867 308.867 308.867 308.867 308.867 308.867 308.867 308.867 308.867 308.867 308.873 308.890 308.909 308.927 308.942 308.955 308.963 308.966 308.966 308.967 308.967 308.984 309.024 309.062 309.073 309.054 309.028 309.021 309.005 308.922 308.759 308.542 308.318 308.143 308.060 308.075 308.157 308.277 308.410 308.535 308.643 308.729 308.791
311.194 310.879 310.591 310.340 310.128 309.956 309.823 309.718 309.619 309.516 309.409 309.305 309.209 309.126 309.056 309.000 308.955 308.918 308.885 308.867 308.867 308.867 308.867 308.867 308.867 308.867 308.867 308.867 308.867 308.867 308.867 308.867 308.867 308.866 308.876 308.896 308.914 308.930 308.945 308.957 308.964 308.967 308.967 308.967 308.970 308.993 309.037 309.075 309.094 309.089 309.075 309.087 309.095 309.014 308.816 308.546 308.279 308.093 308.024 308.067 308.185 308.331 308.472 308.592 308.686 308.756 308.806
311.143 310.834 310.546 310.286 310.060 309.868 309.718 309.605 309.509 309.420 309.333 309.250 309.173 309.105 309.046 308.996 308.955 308.919 308.885 308.867 308.867 308.867 308.867 308.867 308.867 308.867 308.867 308.867 308.867 308.867 308.867 308.867 308.867 308.866 308.877 308.898 308.915 308.931 308.946 308.959 308.965 308.967 308.967 308.967 308.979 309.020 309.081 309.132 309.161 309.177 309.197 309.237 309.267 309.192 308.962 308.630 308.295 308.075 308.029 308.122 308.283 308.448 308.581 308.673 308.734 308.778 308.812
311.083 310.779 310.495 310.236 310.006 309.809 309.650 309.525 309.424 309.338 309.263 309.195 309.133 309.078 309.030 308.988 308.950 308.915 308.883 308.867 308.867 308.867 308.867 308.867 308.867 308.867 308.867 308.867 308.867 308.867 308.867 308.867 308.867 308.867 308.872 308.888 308.909 308.931 308.952 308.967 308.972 308.970 308.969 308.972 309.001 309.067 309.145 309.211 309.256 309.289 309.329 309.383 309.429 309.379 309.162 308.807 308.412 308.140 308.105 308.247 308.446 308.618 308.721 308.762 308.775 308.785 308.803
311.014 310.716 310.438 310.185 309.960 309.765 309.602 309.467 309.359 309.272 309.202 309.143 309.092 309.048 309.009 308.973 308.941 308.907 308.878 308.867 308.867 308.867 308.867 308.867 308.867 308.867 308.867 308.867 308.867 308.867 308.867 308.867 308.867 308.867 308.867 308.873 308.898 308.937 308.975 309.002 309.013 309.014 309.016 309.029 309.076 309.154 309.234 309.303 309.356 309.396 309.435 309.477 309.511 309.496 309.363 309.076 308.694 308.385 308.314 308.445 308.641 308.798 308.855 308.837 308.799 308.774 308.775
310.933 310.643 310.373 310.127 309.910 309.722 309.558 309.419 309.307 309.219 309.151 309.098 309.054 309.018 308.985 308.956 308.926 308.894 308.872 308.867 308.867 308.867 308.867 308.867 308.867 308.867 308.867 308.867 308.867 308.867 308.867 308.867 308.867 308.867 308.867 308.866 308.897 308.966 309.034 309.088 309.125 309.148 309.165 309.188 309.230 309.289 309.352 309.408 309.453 309.488 309.514 309.532 309.547 309.558 309.521 309.366 309.093 308.806 308.657 308.684 308.803 308.910 308.931 308.883 308.814 308.755 308.732
310.839 310.555 310.293 310.057 309.849 309.667 309.508 309.372 309.261 309.174 309.108 309.059 309.021 308.989 308.962 308.936 308.908 308.881 308.867 308.867 308.867 308.867 308.867 308.867 308.867 308.867 308.867 308.867 308.867 308.867 308.867 308.867 308.867 308.867 308.867 308.873 308.930 309.038 309.144 309.230 309.293 309.337 309.368 309.394 309.423 309.457 309.493 309.524 309.549 309.566 309.574 309.575 309.575 309.584 309.591 309.550 309.413 309.189 308.986 308.894 308.894 308.925 308.936 308.907 308.840 308.756 308.690
310.731 310.454 310.198 309.968 309.770 309.599 309.450 309.322 309.217 309.135 309.072 309.026 308.991 308.963 308.939 308.916 308.890 308.871 308.867 308.867 308.867 308.867 308.867 308.867 308.867 308.867 308.867 308.867 308.867 308.867 308.867 308.867 308.867 308.867 308.869 308.910 309.025 309.173 309.308 309.419 309.504 309.564 309.599 309.619 309.632 309.642 309.647 309.647 309.642 309.633 309.620 309.606 309.596 309.595 309.599 309.591 309.534 309.390 309.197 309.039 308.949 308.921 308.928 308.931 308.891 308.795 308.677
310.609 310.338 310.087 309.865 309.678 309.520 309.384 309.269 309.173 309.097 309.040 308.997 308.965 308.940 308.918 308.897 308.876 308.867 308.867 308.867 308.867 308.867 308.867 308.867 308.867 308.867 308.867 308.867 308.867 308.867 308.867 308.867 308.867 308.867 308.891 309.005 309.192 309.369 309.520 309.644 309.740 309.807 309.839 309.846 309.841 309.827 309.803 309.770 309.729 309.689 309.654 309.627 309.610 309.601 309.593 309.581 309.543 309.448 309.293 309.123 308.998 308.942 308.942 308.959 308.938 308.843 308.706
310.473 310.210 309.968 309.758 309.584 309.439 309.316 309.214 309.129 309.061 309.009 308.971 308.942 308.919 308.899 308.881 308.869 308.867 308.867 308.867 308.867 308.867 308.867 308.867 308.867 308.867 308.867 308.867 308.867 308.867 308.867 308.867 308.867 308.878 308.969 309.172 309.405 309.606 309.764 309.887 309.980 310.041 310.065 310.059 310.036 310.001 309.952 309.885 309.807 309.734 309.677 309.639 309.618 309.605 309.592 309.571 309.530 309.450 309.328 309.182 309.065 309.003 308.983 308.978 308.949 308.866 308.753
310.325 310.075 309.850 309.656 309.495 309.361 309.251 309.160 309.085 309.026 308.980 308.947 308.921 308.902 308.885 308.872 308.867 308.867 308.867 308.867 308.867 308.867 308.867 308.867 308.867 308.867 308.867 308.867 308.867 308.867 308.867 308.867 308.877 308.947 309.135 309.399 309.652 309.860 310.014 310.126 310.204 310.250 310.262 310.245 310.207 310.154 310.085 309.990 309.876 309.770 309.693 309.649 309.625 309.608 309.588 309.556 309.507 309.434 309.339 309.233 309.137 309.065 309.019 308.985 308.938 308.865 308.771
310.168 309.937 309.734 309.558 309.410 309.288 309.189 309.108 309.043 308.992 308.953 308.925 308.904 308.888 308.875 308.868 308.867 308.867 308.867 308.867 308.867 308.867 308.867 308.867 308.867 308.867 308.867 308.867 308.867 308.867 308.867 308.880 308.946 309.122 309.392 309.673 309.922 310.113 310.247 310.336 310.392 310.419 310.419 310.395 310.350 310.288 310.204 310.090 309.948 309.810 309.715 309.667 309.638 309.611 309.578 309.534 309.479 309.411 309.334 309.254 309.174 309.098 309.038 308.983 308.923 308.848 308.755
310.011 309.802 309.620 309.463 309.330 309.221 309.133 309.061 309.005 308.961 308.929 308.906 308.889 308.877 308.869 308.867 308.867 308.867 308.867 308.867 308.867 308.867 308.867 308.867 308.867 308.867 308.867 308.867 308.867 308.874 308.902 308.978 309.133 309.384 309.691 309.972 310.190 310.342 310.442 310.503 310.536 310.546 310.536 310.507 310.462 310.400 310.315 310.198 310.046 309.886 309.773 309.711 309.661 309.612 309.561 309.508 309.449 309.383 309.309 309.233 309.159 309.092 309.032 308.969 308.899 308.816 308.714
309.863 309.673 309.511 309.372 309.255 309.159 309.082 309.020 308.971 308.934 308.907 308.889 308.878 308.870 308.867 308.867 308.867 308.867 308.867 308.867 308.867 308.867 308.867 308.867 308.867 308.867 308.867 308.874 308.899 308.953 309.064 309.226 309.431 309.700 310.000 310.249 310.418 310.525 310.589 310.623 310.635 310.631 310.612 310.581 310.538 310.481 310.405 310.304 310.171 310.019 309.888 309.785 309.692 309.610 309.541 309.481 309.420 309.350 309.272 309.191 309.117 309.057 309.001 308.937 308.858 308.765 308.655
309.736 309.561 309.414 309.290 309.187 309.104 309.036 308.983 308.942 308.912 308.891 308.877 308.870 308.867 308.867 308.867 308.867 308.867 308.867 308.867 308.867 308.867 308.867 308.867 308.867 308.872 308.892 308.941 309.034 309.172 309.344 309.547 309.780 310.035 310.275 310.461 310.583 310.653 310.689 310.700 310.694 310.676 310.650 310.616 310.575 310.524 310.462 310.385 310.287 310.167 310.025 309.869 309.719 309.602 309.523 309.462 309.398 309.320 309.232 309.142 309.063 309.000 308.944 308.879 308.796 308.695 308.580
309.634 309.467 309.330 309.218 309.127 309.055 308.997 308.952 308.919 308.895 308.879 308.870 308.867 308.867 308.867 308.867 308.867 308.867 308.867 308.867 308.867 308.867 308.867 308.867 308.873 308.903 308.980 309.100 309.251 309.435 309.643 309.867 310.099 310.313 310.487 310.613 310.695 310.737 310.749 310.740 310.717 310.686 310.651 310.614 310.573 310.529 310.480 310.424 310.354 310.260 310.122 309.929 309.727 309.589 309.518 309.460 309.388 309.296 309.193 309.089 308.994 308.916 308.851 308.786 308.707 308.611 308.507
309.552 309.390 309.261 309.158 309.077 309.014 308.965 308.928 308.902 308.883 308.872 308.867 308.867 308.867 308.867 308.867 308.867 308.867 308.867 308.867 308.867 308.867 308.868 308.881 308.916 308.988 309.108 309.271 309.467 309.688 309.918 310.143 310.348 310.515 310.638 310.721 310.769 310.785 310.777 310.750 310.711 310.666 310.620 310.576 310.534 310.494 310.453 310.407 310.345 310.250 310.115 309.930 309.725 309.599 309.543 309.477 309.386 309.276 309.156 309.031 308.910 308.803 308.714 308.644 308.580 308.515 308.444
309.483 309.326 309.204 309.110 309.037 308.982 308.940 308.910 308.889 308.875 308.868 308.867 308.867 308.867 308.867 308.867 308.867 308.867 308.867 308.867 308.867 308.867 308.879 308.928 309.007 309.111 309.258 309.449 309.671 309.911 310.146 310.355 310.526 310.656 310.744 310.795 310.815 310.808 310.780 310.736 310.681 310.621 310.562 310.508 310.461 310.422 310.384 310.331 310.243 310.119 309.992 309.865 309.734 309.647 309.584 309.492 309.377 309.251 309.117 308.975 308.827 308.681 308.554 308.469 308.429 308.406 308.374
309.425 309.274 309.158 309.070 309.004 308.955 308.921 308.896 308.880 308.870 308.867 308.867 308.867 308.867 308.867 308.867 308.867 308.867 308.865 308.861 308.858 308.861 308.895 308.979 309.093 309.232 309.410 309.623 309.861 310.104 310.328 310.513 310.657 310.759 310.821 310.846 310.841 310.811 310.763 310.701 310.630 310.556 310.483 310.417 310.363 310.322 310.279 310.208 310.075 309.914 309.813 309.765 309.720 309.665 309.585 309.474 309.348 309.215 309.076 308.926 308.761 308.587 308.427 308.330 308.305 308.308 308.302
